%YAML:1.0
---
model_type: PINHOLE
camera_name: camera
image_width: 640
image_height: 480
distortion_parameters:
   k1: 0.047830
   k2: -0.080395
   p1: 0.000519
   p2: 0.002132
projection_parameters:
   fx: 391.165581
   fy: 391.165581
   cx: 278.422855
   cy: 239.967028
